2.719015765772360149e-01 -6.680864610492630307e-02 0.000000000000000000e+00 -1.667818090889417945e-02 2.367040892109256375e-02 3.402180510520166207e-02
6.959922866749165826e-02 -1.392845424632181695e-02 0.000000000000000000e+00 2.981556490309313773e-03 1.548330480069998356e-02 -7.531322839044336803e-02
8.214148966942039221e-02 -2.626279256187898613e-03 0.000000000000000000e+00 -6.070667861353225975e-02 1.824370637623946856e-02 -8.533398396769202587e-02
9.733386036928706742e-02 -2.700401728882625106e-03 0.000000000000000000e+00 -4.170840420271363508e-02 4.882168871275821553e-03 -1.878400557570097662e-01
1.126416323078250070e-01 -1.541521270214770388e-03 0.000000000000000000e+00 -1.405312336440051914e-02 -6.220993681085949974e-03 -3.003004327722202937e-01
1.260706323660562289e-01 -1.331924552289180663e-02 0.000000000000000000e+00 -2.124381474748629137e-02 1.001625291316010288e-02 -2.591316249043134623e-01
1.415998569234753479e-01 -1.585645367699721475e-02 0.000000000000000000e+00 -6.121955260031879120e-02 1.757099139463296628e-02 -2.570133584415246752e-01
1.554794560961858252e-01 -2.603725558390100614e-02 0.000000000000000000e+00 -3.520830766891264174e-02 2.071560428031172726e-02 -2.407266421780859811e-01
1.692426839510091374e-01 -3.497692813673823620e-02 0.000000000000000000e+00 -1.138061683960287472e-02 -8.654597820299521002e-03 -2.256637808597691530e-01
1.826971679699162798e-01 -4.380560831721773407e-02 0.000000000000000000e+00 -1.065718788395015292e-02 -5.759465052532914721e-03 -2.108772918806907093e-01
1.983710029594111524e-01 -5.110318737038575809e-02 0.000000000000000000e+00 -3.805970346680605937e-02 1.735184511854871020e-02 -1.549731370720173196e-01
2.129677448313297139e-01 -5.771787337080684643e-02 0.000000000000000000e+00 -6.258658986541920481e-03 1.128213016881705194e-02 -1.189822317786277117e-01
2.294846872527799564e-01 -6.318515875105816526e-02 0.000000000000000000e+00 -8.382664517927899961e-03 2.096042304893134048e-02 -5.978849168279616599e-02
2.441917302049384786e-01 -6.621783591196099550e-02 0.000000000000000000e+00 5.300047068282217992e-03 8.908509197485217634e-03 -4.368966141274388537e-02
2.574385221112386324e-01 -5.896732468168612573e-02 0.000000000000000000e+00 -6.099160390370182011e-02 4.700281037091803837e-02 3.487991380083610427e-02
2.719015765772360149e-01 -6.680864610492630307e-02 0.000000000000000000e+00 -1.667818090889417945e-02 2.367040892109256375e-02 3.402180510520166207e-02
