2.645343475290516944e-01 -3.593613688964477325e-03 0.000000000000000000e+00 -2.371292805182407745e-02 3.652777558808135462e-03 -2.829616078472527163e-02
6.977731494551372982e-02 -1.969953383793984422e-04 0.000000000000000000e+00 -6.144461202017079647e-03 2.419568863964690134e-02 -1.261406153112138925e-02
6.545662270721078202e-02 -2.445164796034514365e-02 0.000000000000000000e+00 1.997324315475357548e-01 -5.591564886601589623e-02 -9.448568561736736190e-03
7.287035142040157454e-02 7.239205661490758295e-04 0.000000000000000000e+00 4.253261122025656649e-01 -1.293894635975585683e-01 -1.655190603443065442e-02
8.740550104956770761e-02 7.173732226736438157e-03 0.000000000000000000e+00 -3.601687328791725734e-02 7.755196665620317335e-03 -5.458671443069108148e-02
8.885078473827881518e-02 -1.622668280614951442e-02 0.000000000000000000e+00 9.491688246076709912e-02 -4.407751936313436536e-02 -8.564697710375970829e-02
9.643647201323227169e-02 1.186695479831061106e-02 0.000000000000000000e+00 -5.037206637543805571e-02 2.703666739049282244e-02 -7.946514720343529625e-02
1.113474474253810798e-01 1.584693019127635105e-02 0.000000000000000000e+00 -4.078193787647530627e-02 1.031534558751669335e-02 -1.365637865531636186e-01
1.259818871049284417e-01 2.054411798978490744e-02 0.000000000000000000e+00 4.018392933518318277e-01 1.057814581923327384e-02 -1.625161169096948355e-01
1.411696481018835103e-01 2.726539080500182954e-02 0.000000000000000000e+00 -2.806698238498482254e-02 9.382294679030169990e-03 -1.768139033156977957e-01
1.558513604890399973e-01 1.953888192890644582e-02 0.000000000000000000e+00 4.488454264778560417e-03 1.406792982098516338e-02 -1.354284677067835174e-01
1.724426925967020019e-01 2.102430266940165382e-02 0.000000000000000000e+00 -4.345694661958685728e-02 1.782553043210500718e-02 -1.465284256952366915e-01
1.857245360387728972e-01 1.189740800277801214e-02 0.000000000000000000e+00 -1.036660249253290242e-02 1.862720928379979837e-02 -1.061783594773705597e-01
2.008599361864698285e-01 1.187745133476293680e-02 0.000000000000000000e+00 -3.417298853110776330e-02 2.503883725721171155e-02 -7.378082657826930124e-02
2.173977792188999392e-01 4.394928501893728169e-03 0.000000000000000000e+00 -5.127747703983331906e-03 -2.999581854524878237e-03 -5.226901041210316179e-02
2.348644877590250479e-01 6.925141816460021228e-03 0.000000000000000000e+00 -3.662121147837012897e-02 3.441974350628132506e-02 -4.202251609402880145e-02
2.495340455580747074e-01 -3.477267268972835355e-03 0.000000000000000000e+00 5.914680609721390848e-03 1.607785892909386130e-02 -3.110611170479783694e-02
2.645343475290516944e-01 -3.593613688964477325e-03 0.000000000000000000e+00 -2.371292805182407745e-02 3.652777558808135462e-03 -2.829616078472527163e-02
