2.679861725198258160e-01 -4.525794840780099360e-02 0.000000000000000000e+00 -6.782564183955589951e-03 2.642105848443658533e-02 1.844395757176574280e-01
6.884372566209942534e-02 -6.472271917988678055e-04 0.000000000000000000e+00 -2.999256584372600107e-02 1.583718701701172099e-02 -2.285636927699652779e-02
8.234841514040822097e-02 6.178573074654956400e-03 0.000000000000000000e+00 -5.503246362150018833e-02 1.019523755908861157e-02 -9.596055291446542457e-02
9.785624970986270266e-02 1.178202696497469837e-02 0.000000000000000000e+00 -4.543965663408738170e-02 -6.894451456738222989e-03 -1.528407141209048858e-01
1.130598551734535995e-01 2.602087759739922512e-02 0.000000000000000000e+00 -8.067893510983280281e-02 2.473780821321169138e-02 -1.559173514592294696e-01
1.295327800809565610e-01 2.973298253658974988e-02 0.000000000000000000e+00 -5.246354426638168839e-02 -4.865889443714373165e-04 -1.741626478348282936e-01
1.421164865314943071e-01 1.874367504141309648e-02 0.000000000000000000e+00 2.327961725810057392e-01 5.880299158607785875e-02 -1.195964386519392519e-01
1.580853496977504269e-01 2.260029727313063452e-02 0.000000000000000000e+00 -6.118018294353720632e-02 2.470480886977328636e-02 -9.356483593691138079e-02
1.675781364339355706e-01 1.066066485321102986e-02 0.000000000000000000e+00 -5.758583616422181806e-03 -3.690896887858173634e-03 -7.983998081034644756e-02
1.827190454653671858e-01 6.028711143861312585e-04 0.000000000000000000e+00 1.284043912004733138e-03 2.680694589551884700e-03 -3.668314626602834500e-02
1.957732865756122986e-01 -7.893609189771874646e-03 0.000000000000000000e+00 8.896384143603771472e-03 -1.725597252270794687e-03 4.295822004357751495e-03
2.097554320058724053e-01 -1.594700265504749026e-02 0.000000000000000000e+00 4.032192715061310058e-03 1.671402771992103187e-02 4.791075807463943126e-02
2.228084847676014835e-01 -2.354512759580128234e-02 0.000000000000000000e+00 -2.250159482487458854e-02 6.923321348050511664e-03 1.527450350022868317e-02
2.385883933278098168e-01 -3.012053972362264964e-02 0.000000000000000000e+00 -7.633757211093742008e-03 2.026140349631062876e-02 1.026820880262319935e-01
2.527782010750746489e-01 -3.945281306454255510e-02 0.000000000000000000e+00 1.021351051866698292e-02 2.782033886031257466e-02 1.446037815441412189e-01
2.679861725198258160e-01 -4.525794840780099360e-02 0.000000000000000000e+00 -6.782564183955589951e-03 2.642105848443658533e-02 1.844395757176574280e-01
