2.383463625011716103e-01 -8.190412678157107940e-03 0.000000000000000000e+00 3.027984040400397928e-03 -1.173073220589344184e-02 7.997222166426568579e-01
7.050726008966176628e-02 4.225490471544177985e-03 0.000000000000000000e+00 1.726364406893612230e-02 1.420402269344649485e-02 9.996745764024465020e-01
8.214772908090597903e-02 1.562438806947739900e-02 0.000000000000000000e+00 5.004449541026916200e-03 4.731230332484640672e-02 9.986620275125634993e-01
9.611279115073337320e-02 9.561201803363048035e-03 0.000000000000000000e+00 1.788406498642233083e-02 -4.019700419660560825e-02 9.959362095232192624e-01
1.068094232295461465e-01 2.270243836238737545e-02 0.000000000000000000e+00 2.434051485180820096e-02 4.427800050261824355e-02 9.936938141634185095e-01
1.214968729072063713e-01 2.607323000827276027e-02 0.000000000000000000e+00 1.526161342483382810e-02 4.930978550351157452e-02 9.907250178550823794e-01
1.370336263386443265e-01 2.129161479893963704e-02 0.000000000000000000e+00 -1.003614905645917703e-02 -8.215053035463786360e-03 9.933644473521120455e-01
1.496737606830410849e-01 1.180562076443313069e-02 0.000000000000000000e+00 1.356811381718314551e-02 -3.154058832697190923e-02 9.983644504261486308e-01
1.652134096430904753e-01 1.333648410929262618e-02 0.000000000000000000e+00 2.775056117270988804e-02 2.942297121052899964e-02 9.974185365433473338e-01
1.778437633374016780e-01 3.748439840314103134e-03 0.000000000000000000e+00 2.671400924870393281e-02 -1.758102748216376328e-03 9.893656723599594249e-01
1.930539668208211268e-01 -1.047389149825680640e-04 0.000000000000000000e+00 4.533551013809644648e-02 -3.336579805423198295e-03 9.658247193919553553e-01
2.085731568611808584e-01 -1.033104537562755387e-02 0.000000000000000000e+00 3.746548571703950392e-02 1.665661556382132952e-02 9.339811362925467542e-01
2.231541765568352542e-01 -6.304377907414822867e-03 0.000000000000000000e+00 7.007431337250240311e-02 1.201222527440099809e-02 8.590100965324475313e-01
2.383463625011716103e-01 -8.190412678157107940e-03 0.000000000000000000e+00 3.027984040400397928e-03 -1.173073220589344184e-02 7.997222166426568579e-01
