2.630567892478223868e-01 -2.608365312166759098e-02 0.000000000000000000e+00 4.213119905856203551e-01 1.739387636254741687e-01 -6.755262426190432323e-02
7.294042039534368027e-02 2.183093151427021629e-03 0.000000000000000000e+00 -2.118803283729645340e-02 1.241926839514297630e-02 -5.244157746753283500e-02
8.888751955327608978e-02 1.209964999614167314e-02 0.000000000000000000e+00 -5.905397845146288099e-02 5.898871403503581218e-03 -6.216547335903795796e-02
1.041817837184994266e-01 1.606671116270490252e-02 0.000000000000000000e+00 -5.045850989330200737e-02 1.347152950213376804e-02 -1.207279483897035210e-01
1.188749312717270745e-01 1.955713069816771010e-02 0.000000000000000000e+00 -3.532733163863877729e-02 1.195078896090995615e-02 -1.718902244918350530e-01
1.324745902191470093e-01 3.027328314509429574e-02 0.000000000000000000e+00 -8.692720654310483186e-02 2.571842152757747302e-02 -2.058446607086714120e-01
1.482168967291637995e-01 2.371791181797967829e-02 0.000000000000000000e+00 2.349934001241122793e-03 -2.815238512704594867e-02 -2.450213050492356937e-01
1.631953419074639033e-01 1.329901226137332471e-02 0.000000000000000000e+00 1.820124287542679298e-01 5.233394252386441847e-02 -2.199806854615335427e-01
1.717690937285245856e-01 2.621086367207693668e-02 0.000000000000000000e+00 -5.145414404991691809e-02 3.513556797232160640e-03 -2.239581182989642538e-01
1.868392830828033147e-01 1.667673070252347067e-02 0.000000000000000000e+00 -2.892202518558560295e-02 1.656754464376869462e-02 -1.698404755938783817e-01
2.006528022588996152e-01 8.673348007246436953e-03 0.000000000000000000e+00 -3.238967651349832638e-02 3.544797719476887061e-03 -1.053253115138712281e-01
2.155370332893817020e-01 -7.966293732579367987e-05 0.000000000000000000e+00 -3.352945173170826521e-02 1.515731483762905972e-02 -1.083155502514823731e-01
2.309363777840219012e-01 -8.294165336312150916e-03 0.000000000000000000e+00 -2.699019513487000213e-02 2.114784582772734692e-02 -9.200604802508954849e-02
2.469906716468549812e-01 -3.914600220310097967e-02 0.000000000000000000e+00 2.139157252697699296e-01 1.005168498469456162e-01 -1.220302467751975817e-01
2.379106368621234646e-01 -7.667844553654142546e-03 0.000000000000000000e+00 -6.967867554835657784e-02 4.104774861431187416e-02 -1.030022840223720620e-01
2.486938570646776425e-01 -1.838690905769151118e-02 0.000000000000000000e+00 -8.925865135872372222e-03 1.618592275781479892e-02 -9.593647434263129214e-02
2.630567892478223868e-01 -2.608365312166759098e-02 0.000000000000000000e+00 4.213119905856203551e-01 1.739387636254741687e-01 -6.755262426190432323e-02
