6.750000000000000444e-02 0.000000000000000000e+00 0.000000000000000000e+00 0.000000000000000000e+00 0.000000000000000000e+00 6.053206567696246543e-01
9.750000000000000333e-02 1.815961970308873838e-02 0.000000000000000000e+00 0.000000000000000000e+00 0.000000000000000000e+00 5.393446566167735545e-01
1.275000000000000022e-01 3.236067939700641022e-02 0.000000000000000000e+00 0.000000000000000000e+00 0.000000000000000000e+00 3.557985628302921532e-01
1.575000000000000011e-01 3.950753347290626716e-02 0.000000000000000000e+00 0.000000000000000000e+00 0.000000000000000000e+00 9.469302753739144984e-02
1.875000000000000000e-01 3.804226104924989665e-02 0.000000000000000000e+00 0.000000000000000000e+00 0.000000000000000000e+00 -1.870543514772198823e-01
2.174999999999999989e-01 2.828427238427307436e-02 0.000000000000000000e+00 0.000000000000000000e+00 0.000000000000000000e+00 -4.280263239907135531e-01
2.474999999999999978e-01 1.236068160980708687e-02 0.000000000000000000e+00 0.000000000000000000e+00 0.000000000000000000e+00 -5.756941460470281768e-01
2.774999999999999689e-01 -6.257376378548612852e-03 0.000000000000000000e+00 0.000000000000000000e+00 0.000000000000000000e+00 -5.978681603410563872e-01
3.074999999999999956e-01 -2.351140801065629976e-02 0.000000000000000000e+00 0.000000000000000000e+00 0.000000000000000000e+00 -4.897147212534354588e-01
3.375000000000000222e-01 -3.564025965375473837e-02 0.000000000000000000e+00 0.000000000000000000e+00 0.000000000000000000e+00 -4.042950547699479813e-01
