2.547274816511232443e-01 -5.124624875293003201e-02 0.000000000000000000e+00 -2.200214541024709744e-02 4.040073260250664350e-02 4.968070310849840437e-02
6.890205168975396810e-02 -1.054822594256359103e-02 0.000000000000000000e+00 -2.213890288255552716e-03 3.770862061930890102e-02 5.929704608564823802e-04
7.913857206768118435e-02 3.111360567518249055e-03 0.000000000000000000e+00 -4.588115130279728227e-02 3.202580011411456512e-02 -4.176645718490514664e-02
8.636889546994078182e-02 -2.631560005598680696e-02 0.000000000000000000e+00 2.127089879767559144e-01 -8.775788413035535973e-03 -1.179177444357903531e-01
9.423288144980127012e-02 3.559589655851223312e-03 0.000000000000000000e+00 -4.053883502964027857e-02 7.742896561348015794e-03 -1.107848610028490943e-01
1.104748587354728306e-01 7.744787116320470989e-03 0.000000000000000000e+00 -6.004014742246135961e-02 3.054207141736700951e-02 -2.254357221165697589e-01
1.186321245584667505e-01 -1.588441501390579214e-02 0.000000000000000000e+00 2.216740700744542769e-01 3.519239557478558156e-02 -2.969292499069634550e-01
1.223066446145603392e-01 4.660628845091539275e-03 0.000000000000000000e+00 -1.711126340655622731e-03 -4.176138068500274969e-02 -3.146039348717346584e-01
1.197553646435015329e-01 -1.583490554155013441e-02 0.000000000000000000e+00 2.220131465622371958e-01 3.626033423698420827e-02 -2.967666999580352294e-01
1.250579438181590175e-01 8.763970348663288612e-03 0.000000000000000000e+00 -2.261728301763742122e-02 1.007266078132505608e-04 -3.160079411360885437e-01
1.402236870412033320e-01 3.103040794309661933e-03 0.000000000000000000e+00 -3.635541262482145514e-02 3.230680022655178178e-03 -3.114066852669073460e-01
1.501355365401990383e-01 -9.417712823645160714e-03 0.000000000000000000e+00 -9.665024755266912737e-03 -2.356119146208060684e-03 -2.786979773317709297e-01
1.650651299898746871e-01 -1.523343258285796142e-02 0.000000000000000000e+00 -3.053424304689043162e-02 5.914179764915665841e-03 -2.291939215494050164e-01
1.784042916027692438e-01 -2.297847766589132534e-02 0.000000000000000000e+00 -2.469915299427052208e-02 1.021375545444539422e-02 -2.055813952132981293e-01
1.942701354289688431e-01 -2.951532343273292891e-02 0.000000000000000000e+00 4.414679319641006128e-01 1.585069766601912011e-01 -1.581617497669092487e-01
2.099680905931253505e-01 -3.941656954432114224e-02 0.000000000000000000e+00 -1.500287197830314431e-02 1.672629135495967354e-02 -1.441325702313469015e-01
2.255201453730780459e-01 -4.300738230762139735e-02 0.000000000000000000e+00 -3.202040542969912529e-02 1.812872179866247685e-02 -7.560656097289988886e-02
2.395603394433727662e-01 -5.046792551569305452e-02 0.000000000000000000e+00 -1.647911046705468870e-03 6.540746329584423181e-03 -3.643164784739971046e-02
2.547274816511232443e-01 -5.124624875293003201e-02 0.000000000000000000e+00 -2.200214541024709744e-02 4.040073260250664350e-02 4.968070310849840437e-02
