2.757640891457577847e-01 1.495113927270995402e-02 0.000000000000000000e+00 2.684118800094587032e-02 2.724050504720151172e-02 1.320496007341255551e-01
6.957333560900638703e-02 -3.039918674848525980e-03 0.000000000000000000e+00 -1.799107110626422049e-02 8.703063631525936178e-03 -2.669959060916193838e-02
8.316137707506623955e-02 4.791204962764848176e-03 0.000000000000000000e+00 -3.193866118725695313e-02 1.426112317525032695e-02 -8.746792323262081448e-02
9.870987113824228332e-02 1.336793485518582292e-02 0.000000000000000000e+00 -4.519447903294591257e-02 -1.298473445507208023e-02 -1.334008150678841487e-01
1.131371362370662548e-01 1.912013552992262999e-02 0.000000000000000000e+00 -4.199941931192857636e-02 2.197683033679326270e-02 -1.873116469929368977e-01
1.281041343021293299e-01 2.111656342717223300e-02 0.000000000000000000e+00 2.593092469394562682e-03 -2.382304323978736219e-02 -2.431421305021841395e-01
1.405144863276556466e-01 3.104850662821802276e-02 0.000000000000000000e+00 -7.133259492228802290e-02 1.548947530864768982e-02 -2.634003393378663294e-01
1.540129739984427426e-01 2.198606539299870211e-02 0.000000000000000000e+00 -7.890475242603963921e-03 -1.569076865350490244e-03 -2.347435877076450572e-01
1.631707003434932080e-01 1.007720806184279894e-02 0.000000000000000000e+00 1.768820937704899954e-01 4.684523056965415877e-02 -2.059075840714537642e-01
1.667900968470475143e-01 2.558003098741447323e-02 0.000000000000000000e+00 -7.869394334868630436e-02 3.843183213098053108e-02 -1.922631195098146450e-01
1.787332993355022770e-01 1.580830450235116980e-02 0.000000000000000000e+00 -2.763079401238217186e-02 1.076889266824455384e-02 -1.723977170573464113e-01
1.931154824222227895e-01 1.034936616972324808e-02 0.000000000000000000e+00 -2.579150433174723367e-02 1.240252584769551379e-02 -1.157050915067117935e-01
1.970963653282870875e-01 -5.159845965208283668e-03 0.000000000000000000e+00 8.937770661239050063e-02 6.333480510733563787e-03 -1.105061839663124407e-01
1.940011897485564851e-01 1.219054316126512438e-02 0.000000000000000000e+00 -2.253431348919744323e-02 9.583565302702998570e-03 -1.083656336600176823e-01
2.101303355993242861e-01 9.258982222172570942e-03 0.000000000000000000e+00 -3.937199309013687115e-02 3.954800424046276547e-02 -3.893218186745849713e-02
2.281779942639718672e-01 7.766569816501520986e-03 0.000000000000000000e+00 -8.881442926964088630e-03 1.054710957234881313e-02 2.993425811884319401e-03
2.448302289503746787e-01 6.134732280418151752e-03 0.000000000000000000e+00 1.187534676921800023e-02 2.314297797257372155e-02 6.309443759943676733e-02
2.614751496354890126e-01 9.409284335643544606e-03 0.000000000000000000e+00 3.848183386440960207e-03 1.790910689023863384e-02 9.517911609838408671e-02
2.757640891457577847e-01 1.495113927270995402e-02 0.000000000000000000e+00 2.684118800094587032e-02 2.724050504720151172e-02 1.320496007341255551e-01
