2.624323978421337911e-01 -4.500703096330781194e-02 0.000000000000000000e+00 1.833820919505137551e-02 -1.250211139865328724e-02 9.500498609289151908e-01
7.114690450904262442e-02 5.320717050080179568e-03 0.000000000000000000e+00 6.439437555714512713e-03 3.939821648112331459e-02 9.990914201025644648e-01
8.612370635429364429e-02 8.079410210008422522e-03 0.000000000000000000e+00 -9.823557889583441061e-02 -3.907001710424325980e-01 9.152331169756179330e-01
1.014518868319486955e-01 1.837576970331221415e-02 0.000000000000000000e+00 -4.659185974145085493e-03 4.230919528402914132e-02 9.952762748924337544e-01
1.171265033160836244e-01 2.490188693939997255e-02 0.000000000000000000e+00 1.693397465013705624e-02 4.610194822404526521e-02 9.879719701158721223e-01
1.328688511420986484e-01 2.686295928635175356e-02 0.000000000000000000e+00 1.683238071668126737e-02 3.609565920436749037e-02 9.862555064515531322e-01
1.487040387567144795e-01 2.043536669077029855e-02 0.000000000000000000e+00 -1.510413461999376289e-02 -1.867715249501377545e-02 9.901106401927900480e-01
1.632351847069277440e-01 1.448260426858534455e-02 0.000000000000000000e+00 1.500094610000572704e-02 6.956083146385902589e-03 9.998569206390615083e-01
1.773757914716775630e-01 8.005085678924592218e-03 0.000000000000000000e+00 3.005257578730734236e-02 -4.866461221038802937e-02 9.947824674769537578e-01
1.924081875694975408e-01 2.124141055294890591e-03 0.000000000000000000e+00 6.490312196451441737e-03 1.902113473605716171e-02 9.915245439293147722e-01
2.059043462751447284e-01 -8.576090543975053992e-03 0.000000000000000000e+00 2.417846248245009502e-02 -1.465346403693584170e-03 9.869610158797094135e-01
2.201622231619224934e-01 -1.832669193273260555e-02 0.000000000000000000e+00 3.500658847078281372e-02 -2.145226922214408735e-02 9.768921784219238846e-01
2.330416749270223520e-01 -3.128642378422728798e-02 0.000000000000000000e+00 3.018844811117640109e-02 -3.193466542980948064e-02 9.651290369648616307e-01
2.464934940973036170e-01 -3.936336021410750952e-02 0.000000000000000000e+00 4.895535836410775526e-02 -2.945489411587747311e-02 9.531149337044912961e-01
2.624323978421337911e-01 -4.500703096330781194e-02 0.000000000000000000e+00 1.833820919505137551e-02 -1.250211139865328724e-02 9.500498609289151908e-01
