2.585473668702999994e-01 -2.448740324176228167e-02 0.000000000000000000e+00 2.307862554495984653e-02 1.703080546334474060e-02 8.861688332375591282e-01
7.150320714592497962e-02 3.340201757931691474e-03 0.000000000000000000e+00 -7.342105827947652957e-03 2.486555422515216926e-02 9.989807853108103597e-01
8.615184038530668276e-02 7.713589915985989177e-03 0.000000000000000000e+00 2.599287270875974901e-03 1.306807985185686090e-02 9.996806741026718068e-01
9.864831554309574924e-02 1.891766833634837830e-02 0.000000000000000000e+00 1.143916698100341280e-02 6.553225490150647869e-02 9.951542808303831533e-01
1.137042598446509067e-01 1.626205865791137406e-02 0.000000000000000000e+00 -2.041087331475104072e-02 -1.300893985648212889e-02 9.886671583854614864e-01
1.282006780579244276e-01 2.298683444077771754e-02 0.000000000000000000e+00 1.961931310257036126e-02 3.442217322878172309e-02 9.811052351371963853e-01
1.444076432155445844e-01 2.362413653150920168e-02 0.000000000000000000e+00 2.131706833361702094e-02 5.417647007043505797e-02 9.789714136334513039e-01
1.575224195901582525e-01 1.369296193503415082e-02 0.000000000000000000e+00 1.667440701029961059e-02 2.299181092533508081e-02 9.914426279573820278e-01
1.722003079472798903e-01 9.534264537282385876e-03 0.000000000000000000e+00 7.471812932945220975e-02 -4.007012835235843617e-01 9.119214583084900294e-01
1.870164165363551179e-01 -1.765337116774553204e-03 0.000000000000000000e+00 9.804900038480191329e-03 1.047332821527751159e-02 9.997638207204474492e-01
2.025046527601838398e-01 -1.748329422510948826e-03 0.000000000000000000e+00 6.325472317962241992e-03 5.437847049526357140e-02 9.940670286688634283e-01
2.168075582614597818e-01 -1.296377681675030258e-02 0.000000000000000000e+00 2.422983641210178785e-02 -4.639497134718916817e-03 9.867125288402183170e-01
2.318098518211154924e-01 -1.697940345554142805e-02 0.000000000000000000e+00 3.512782809489626429e-02 1.622456888542045048e-02 9.604518201185556769e-01
2.441709014379264409e-01 -2.955827323059594114e-02 0.000000000000000000e+00 6.511056077395245556e-02 -3.404335987632647192e-02 9.364503182075588628e-01
2.585473668702999994e-01 -2.448740324176228167e-02 0.000000000000000000e+00 2.307862554495984653e-02 1.703080546334474060e-02 8.861688332375591282e-01
