2.437353068170338422e-01 -5.224655653374714326e-02 0.000000000000000000e+00 -9.672382358223463247e-03 2.768180669746546016e-02 2.267686443590773149e-01
6.976616258802406656e-02 -9.964114527782161335e-03 0.000000000000000000e+00 4.221189221337099950e-01 -1.168111463240175951e-01 -5.894318551849708071e-02
8.354194135750894756e-02 -1.508478676320076060e-03 0.000000000000000000e+00 -6.118915739387057601e-02 3.812272454905248683e-03 -1.153113624349370453e-01
9.880201973910104907e-02 7.233839813422663148e-04 0.000000000000000000e+00 -4.200130312493288026e-02 2.767945553929253982e-03 -1.880720552766271536e-01
1.133629796577138860e-01 4.585408444753289771e-03 0.000000000000000000e+00 -4.899405123511225285e-02 7.485556248420037993e-03 -2.775304377412525225e-01
1.259725691456125285e-01 -8.526423242919287104e-03 0.000000000000000000e+00 -1.403490044004151137e-02 -1.079963373174088435e-02 -2.501768032149785936e-01
1.401993541713180413e-01 -1.406156642065546636e-02 0.000000000000000000e+00 -1.563879480838105754e-02 3.391955244356878799e-03 -2.539549583053605786e-01
1.553696101909008143e-01 -1.149417813867879834e-02 0.000000000000000000e+00 -6.059488633629207116e-02 1.984287098063633459e-02 -2.362218683912512829e-01
1.669139265336017919e-01 -2.319431071796333732e-02 0.000000000000000000e+00 -3.582256748450356881e-02 1.652475208602439266e-02 -2.099367376141256514e-01
1.818676177255198756e-01 -3.284366143466997678e-02 0.000000000000000000e+00 -2.249448301407371356e-02 7.030884302719998748e-05 -1.518198420272805771e-01
1.965738813459656231e-01 -4.269143433322945824e-02 0.000000000000000000e+00 1.193515495736408374e-02 -1.314628700467172263e-02 -9.079868450237726929e-02
2.124898854014123095e-01 -4.570263931520272827e-02 0.000000000000000000e+00 -6.839331421969291683e-03 -9.536192085220140599e-03 -3.004433175644985812e-02
2.287360515705299246e-01 -4.990879704859556287e-02 0.000000000000000000e+00 -4.063917077097104098e-03 1.321580996105220680e-02 9.359231319918449865e-02
2.437353068170338422e-01 -5.224655653374714326e-02 0.000000000000000000e+00 -9.672382358223463247e-03 2.768180669746546016e-02 2.267686443590773149e-01
