2.426523888138941987e-01 -1.883886799552585145e-02 0.000000000000000000e+00 2.069458851796342549e-02 5.773994081437686804e-02 2.915279074397798542e-01
8.172689202308972001e-02 7.375098559574203884e-03 0.000000000000000000e+00 -2.392858671008658150e-02 4.174680682259986411e-03 2.056243611391764606e-02
9.589206847640610598e-02 1.281307476391928268e-02 0.000000000000000000e+00 -1.241885827903379570e-02 1.059674485429567409e-02 -2.480839750773579030e-02
1.036923032372127074e-01 -3.132325094689677146e-03 0.000000000000000000e+00 1.572462443676294619e-01 -1.216037115044295638e-02 -7.686215361535196633e-02
1.073166721462124051e-01 1.640675150282634720e-02 0.000000000000000000e+00 -1.527006120268503513e-02 7.244896239545390053e-04 -9.117910815358511167e-02
1.218417720639968505e-01 2.389866244214479407e-02 0.000000000000000000e+00 -2.123094583435326810e-02 1.457273299813524776e-02 -1.117662488183691766e-01
1.350195367497646071e-01 3.440935351887981775e-02 0.000000000000000000e+00 -7.546753685300863768e-02 2.660743552616843047e-02 -1.390214401405583944e-01
1.458067228735568099e-01 2.149188757475871403e-02 0.000000000000000000e+00 2.083580526686115986e-01 3.384544941819895431e-02 -1.453167710483954655e-01
1.576362539942286201e-01 3.383389187828757250e-02 0.000000000000000000e+00 -6.087098601129981024e-02 1.804497698162530611e-02 -1.445586608002559503e-01
1.717829650567031796e-01 2.478426769029910826e-02 0.000000000000000000e+00 7.157826110061135281e-04 1.009301579223527943e-02 -5.884681348900156622e-02
1.867468611065744299e-01 1.965015688192291166e-02 0.000000000000000000e+00 -1.939836205891102769e-02 2.340911788160306498e-02 9.826507450042391845e-02
1.986542852087709032e-01 7.688311045763799624e-03 0.000000000000000000e+00 3.804500535965482655e-02 3.784703971574213122e-02 1.957665027346724151e-01
2.137175249710397129e-01 -2.862901217609777581e-03 0.000000000000000000e+00 4.488440356391085705e-03 5.078222598814834121e-02 2.767858696905662885e-01
2.278651681979831090e-01 -1.064111973075680673e-02 0.000000000000000000e+00 -8.905226065280725731e-03 2.736690625373472754e-02 2.540998482284837490e-01
2.426523888138941987e-01 -1.883886799552585145e-02 0.000000000000000000e+00 2.069458851796342549e-02 5.773994081437686804e-02 2.915279074397798542e-01
